eval_loss = 0.3406405823491514
fn = 40
fp = 6
mcc = 0.7788057725415214
tn = 191
tp = 158
