eval_loss = 0.17339340240306142
fn = 97
fp = 11
mcc = 0.8689157469260813
tn = 783
tp = 695
